{
  "nbformat": 4,
  "nbformat_minor": 0,
  "metadata": {
    "colab": {
      "provenance": []
    },
    "kernelspec": {
      "name": "python3",
      "display_name": "Python 3"
    },
    "language_info": {
      "name": "python"
    }
  },
  "cells": [
    {
      "cell_type": "markdown",
      "source": [
        "# Actividad 5.1 Matriz HAT\n",
        "\n",
        "Samuel García Berenfeld - A01642317\n",
        "\n",
        "Israel Vidal Paredes - A01750543"
      ],
      "metadata": {
        "id": "K1Xz6oClh-Z3"
      }
    },
    {
      "cell_type": "markdown",
      "source": [
        "#### 1. Para el siguiente conjunto de datos, obtener la Matriz HAT, H, los valores predichos, y^ y los coeficientes de la ecuación de regresión β.\n",
        "\n",
        "**(Proceso al final del documento pdf)**\n",
        "\n"
      ],
      "metadata": {
        "id": "Lab53U-G-eb_"
      }
    },
    {
      "cell_type": "markdown",
      "source": [
        "####2. Verifiar los resultados utilizando Python"
      ],
      "metadata": {
        "id": "0IpLI9Axit-c"
      }
    },
    {
      "cell_type": "code",
      "execution_count": null,
      "metadata": {
        "colab": {
          "base_uri": "https://localhost:8080/"
        },
        "id": "52KwzEyJh9oO",
        "outputId": "2d304dbe-6ae7-419e-b612-cbe3bf964526"
      },
      "outputs": [
        {
          "output_type": "stream",
          "name": "stdout",
          "text": [
            "Coeficientes de regresión beta:\n",
            "[3.86585366 0.87195122]\n",
            "\n",
            "Valores predichos y^:\n",
            "[ 5.6097561   6.48170732  8.22560976  9.9695122  11.71341463]\n",
            "\n",
            "Matriz HAT H:\n",
            "[[ 0.51219512  0.41463415  0.2195122   0.02439024 -0.17073171]\n",
            " [ 0.41463415  0.34756098  0.21341463  0.07926829 -0.05487805]\n",
            " [ 0.2195122   0.21341463  0.20121951  0.18902439  0.17682927]\n",
            " [ 0.02439024  0.07926829  0.18902439  0.29878049  0.40853659]\n",
            " [-0.17073171 -0.05487805  0.17682927  0.40853659  0.6402439 ]]\n"
          ]
        }
      ],
      "source": [
        "import numpy as np\n",
        "\n",
        "X = np.array([[1, 2],\n",
        "              [1, 3],\n",
        "              [1, 5],\n",
        "              [1, 7],\n",
        "              [1, 9]])\n",
        "\n",
        "y = np.array([5, 8, 7, 10, 12])\n",
        "\n",
        "XtX_inv = np.linalg.inv(X.T @ X)\n",
        "beta = XtX_inv @ X.T @ y\n",
        "\n",
        "y_hat = X @ beta\n",
        "\n",
        "H = X @ XtX_inv @ X.T\n",
        "\n",
        "print(\"Coeficientes de regresión beta:\")\n",
        "print(beta)\n",
        "print(\"\\nValores predichos y^:\")\n",
        "print(y_hat)\n",
        "print(\"\\nMatriz HAT H:\")\n",
        "print(H)\n"
      ]
    },
    {
      "cell_type": "markdown",
      "source": [
        "####3. Utilizando los Datos “Cirugía de Hígado” obtener la matriz HAT, los valores predichos, y, y los coeficientes de la ecuación de regresión β utilizando el método de matrices. (Puede realizarse con cualquier paquete)."
      ],
      "metadata": {
        "id": "mwb8ffKukCEv"
      }
    },
    {
      "cell_type": "code",
      "source": [
        "import numpy as np\n",
        "import pandas as pd\n",
        "from sklearn.preprocessing import MinMaxScaler\n",
        "\n",
        "file_path = '/content/sample_data/Covarianza, Correlación y HAT.csv'\n",
        "data = pd.read_csv(file_path, encoding='latin1')\n",
        "\n",
        "X = data[['Factor Coagulación', 'Índice pronóstico', 'Función de enzima',\n",
        "          'Función de hígado', 'Edad', 'Género',\n",
        "          'Alcohol (moderado)', 'Alcohol (severo)']]\n",
        "\n",
        "y = data['Sobrevivencia (días)']\n",
        "\n",
        "scaler = MinMaxScaler()\n",
        "X_scaled = scaler.fit_transform(X)\n",
        "\n",
        "X_scaled = np.hstack([np.ones((X_scaled.shape[0], 1)), X_scaled])\n",
        "\n",
        "XtX_inv = np.linalg.inv(X_scaled.T @ X_scaled)\n",
        "beta = XtX_inv @ X_scaled.T @ y\n",
        "\n",
        "y_hat = X_scaled @ beta\n",
        "\n",
        "H = X_scaled @ XtX_inv @ X_scaled.T\n",
        "\n",
        "coef_df = pd.DataFrame(beta, index=['Intercepto'] + list(data.columns[:-1]), columns=['Coeficientes'])\n",
        "\n",
        "y_hat_df = pd.DataFrame(y_hat, columns=['Valores Predichos'])\n",
        "\n",
        "H_df = pd.DataFrame(H, columns=[f'Col_{i+1}' for i in range(H.shape[1])])\n",
        "H_df_limited = H_df.iloc[:20, :20]\n",
        "\n",
        "print(\"Coeficientes de regresión:\")\n",
        "print(coef_df.round(4))\n",
        "\n",
        "print(\"\\nValores predichos:\")\n",
        "print(y_hat_df.round(4))\n",
        "\n",
        "print(\"\\nMatriz HAT (primeros 20x20):\")\n",
        "print(H_df_limited.round(4))\n"
      ],
      "metadata": {
        "colab": {
          "base_uri": "https://localhost:8080/"
        },
        "id": "mujy7GBykaRK",
        "outputId": "e1fe9d5d-05a5-43d0-83bb-d56daf6bdf47"
      },
      "execution_count": null,
      "outputs": [
        {
          "output_type": "stream",
          "name": "stdout",
          "text": [
            "Coeficientes de regresión:\n",
            "                    Coeficientes\n",
            "Intercepto             -575.8637\n",
            "Factor Coagulación      453.2609\n",
            "Índice pronóstico       738.2324\n",
            "Función de enzima       854.1430\n",
            "Función de hígado       429.4316\n",
            "Edad                     25.6389\n",
            "Género                   13.0926\n",
            "Alcohol (moderado)      -41.2676\n",
            "Alcohol (severo)        195.7070\n",
            "\n",
            "Valores predichos:\n",
            "     Valores Predichos\n",
            "0             706.2562\n",
            "1             430.8229\n",
            "2             732.2298\n",
            "3             425.0396\n",
            "4            1454.5876\n",
            "5             317.9851\n",
            "6             561.4343\n",
            "7             620.5703\n",
            "8             814.9924\n",
            "9             761.6839\n",
            "10            989.9519\n",
            "11            228.0218\n",
            "12           1394.1346\n",
            "13           1050.2917\n",
            "14            937.9567\n",
            "15            732.4843\n",
            "16            418.0998\n",
            "17             58.3229\n",
            "18            857.9967\n",
            "19            939.0347\n",
            "20            555.5315\n",
            "21            366.0251\n",
            "22            485.5213\n",
            "23            817.7782\n",
            "24            861.3188\n",
            "25            669.3581\n",
            "26            592.7588\n",
            "27           1619.8867\n",
            "28            399.4854\n",
            "29            596.0396\n",
            "30            257.2183\n",
            "31            163.9360\n",
            "32            594.6720\n",
            "33           1143.5995\n",
            "34            512.1274\n",
            "35            702.8613\n",
            "36            629.0950\n",
            "37            563.4925\n",
            "38            556.6297\n",
            "39            607.6677\n",
            "40            423.4617\n",
            "41            569.5058\n",
            "42           1363.2590\n",
            "43            625.4091\n",
            "44            688.7464\n",
            "45            590.6972\n",
            "46            948.0462\n",
            "47           1333.7807\n",
            "48            712.0026\n",
            "49           1065.3807\n",
            "50            462.7085\n",
            "51            649.6408\n",
            "52            690.3029\n",
            "53            958.0544\n",
            "54            330.9809\n",
            "55            811.8162\n",
            "56            635.2498\n",
            "57            367.6419\n",
            "58            629.6145\n",
            "59            469.6216\n",
            "60            154.7302\n",
            "61            369.8139\n",
            "62            403.2698\n",
            "63            902.0830\n",
            "64            600.5989\n",
            "65            772.2912\n",
            "66            207.7278\n",
            "67            396.4319\n",
            "68           1229.8396\n",
            "69            633.0044\n",
            "70            424.8198\n",
            "71            475.3174\n",
            "72            993.2862\n",
            "73            197.3892\n",
            "74           1290.0846\n",
            "75            605.0715\n",
            "76           1006.5164\n",
            "77            817.3966\n",
            "78            616.6907\n",
            "79            333.1387\n",
            "80            621.9286\n",
            "81            678.0187\n",
            "82            455.3952\n",
            "83            842.8120\n",
            "84            215.6135\n",
            "85           1044.1331\n",
            "86            629.5748\n",
            "87            526.7955\n",
            "88            902.0791\n",
            "89            722.3711\n",
            "90            212.1568\n",
            "91            745.7791\n",
            "92            242.5244\n",
            "93            565.2112\n",
            "94            222.1263\n",
            "95            839.1848\n",
            "96            535.3963\n",
            "97            868.7160\n",
            "98            607.1039\n",
            "99            277.0809\n",
            "100          1086.5342\n",
            "101           698.1456\n",
            "102          1093.1480\n",
            "103           566.5151\n",
            "104           568.3349\n",
            "105           584.3679\n",
            "106           385.9099\n",
            "107           459.7200\n",
            "\n",
            "Matriz HAT (primeros 20x20):\n",
            "     Col_1   Col_2   Col_3   Col_4   Col_5   Col_6   Col_7   Col_8   Col_9  \\\n",
            "0   0.0371  0.0128  0.0315  0.0105  0.0233  0.0132 -0.0160 -0.0015  0.0397   \n",
            "1   0.0128  0.0611  0.0483  0.0488 -0.0010 -0.0099 -0.0085 -0.0247  0.0092   \n",
            "2   0.0315  0.0483  0.0951  0.0493  0.0283  0.0145 -0.0181 -0.0286  0.0377   \n",
            "3   0.0105  0.0488  0.0493  0.0723 -0.0139 -0.0167 -0.0163 -0.0264  0.0037   \n",
            "4   0.0233 -0.0010  0.0283 -0.0139  0.1194 -0.0250  0.0201 -0.0213  0.0285   \n",
            "5   0.0132 -0.0099  0.0145 -0.0167 -0.0250  0.0807  0.0304  0.0404  0.0195   \n",
            "6  -0.0160 -0.0085 -0.0181 -0.0163  0.0201  0.0304  0.0764  0.0145 -0.0204   \n",
            "7  -0.0015 -0.0247 -0.0286 -0.0264 -0.0213  0.0404  0.0145  0.0784  0.0172   \n",
            "8   0.0397  0.0092  0.0377  0.0037  0.0285  0.0195 -0.0204  0.0172  0.0546   \n",
            "9   0.0278  0.0170  0.0034 -0.0037  0.0174 -0.0036 -0.0199  0.0309  0.0436   \n",
            "10  0.0265  0.0077 -0.0070  0.0092  0.0358 -0.0379 -0.0294 -0.0051  0.0218   \n",
            "11  0.0220  0.0065  0.0103  0.0240 -0.0186  0.0249  0.0002  0.0051  0.0146   \n",
            "12  0.0101  0.0112  0.0551  0.0156  0.0371  0.0005 -0.0208  0.0292  0.0368   \n",
            "13 -0.0057  0.0132  0.0206  0.0196  0.0135 -0.0106 -0.0054  0.0148  0.0005   \n",
            "14  0.0059 -0.0112  0.0057  0.0084  0.0664 -0.0136  0.0333 -0.0058  0.0045   \n",
            "15  0.0230 -0.0138  0.0305  0.0091 -0.0088  0.0497  0.0023  0.0261  0.0314   \n",
            "16 -0.0080 -0.0057 -0.0492  0.0219 -0.0449 -0.0111  0.0093  0.0097 -0.0289   \n",
            "17 -0.0107  0.0542 -0.0007  0.0459 -0.0351 -0.0184  0.0072 -0.0077 -0.0236   \n",
            "18 -0.0024  0.0093  0.0378  0.0281  0.0048  0.0131  0.0034  0.0041 -0.0022   \n",
            "19  0.0027 -0.0109 -0.0029 -0.0139  0.0680 -0.0037  0.0379  0.0236  0.0151   \n",
            "\n",
            "    Col_10  Col_11  Col_12  Col_13  Col_14  Col_15  Col_16  Col_17  Col_18  \\\n",
            "0   0.0278  0.0265  0.0220  0.0101 -0.0057  0.0059  0.0230 -0.0080 -0.0107   \n",
            "1   0.0170  0.0077  0.0065  0.0112  0.0132 -0.0112 -0.0138 -0.0057  0.0542   \n",
            "2   0.0034 -0.0070  0.0103  0.0551  0.0206  0.0057  0.0305 -0.0492 -0.0007   \n",
            "3  -0.0037  0.0092  0.0240  0.0156  0.0196  0.0084  0.0091  0.0219  0.0459   \n",
            "4   0.0174  0.0358 -0.0186  0.0371  0.0135  0.0664 -0.0088 -0.0449 -0.0351   \n",
            "5  -0.0036 -0.0379  0.0249  0.0005 -0.0106 -0.0136  0.0497 -0.0111 -0.0184   \n",
            "6  -0.0199 -0.0294  0.0002 -0.0208 -0.0054  0.0333  0.0023  0.0093  0.0072   \n",
            "7   0.0309 -0.0051  0.0051  0.0292  0.0148 -0.0058  0.0261  0.0097 -0.0077   \n",
            "8   0.0436  0.0218  0.0146  0.0368  0.0005  0.0045  0.0314 -0.0289 -0.0236   \n",
            "9   0.0701  0.0388  0.0006  0.0264  0.0032 -0.0098 -0.0018 -0.0086  0.0086   \n",
            "10  0.0388  0.0716  0.0073  0.0069  0.0121  0.0136 -0.0100  0.0337  0.0074   \n",
            "11  0.0006  0.0073  0.0496 -0.0345 -0.0202  0.0144  0.0208  0.0249  0.0185   \n",
            "12  0.0264  0.0069 -0.0345  0.1323  0.0705 -0.0002  0.0436 -0.0359 -0.0378   \n",
            "13  0.0032  0.0121 -0.0202  0.0705  0.0570  0.0019  0.0119  0.0082  0.0048   \n",
            "14 -0.0098  0.0136  0.0144 -0.0002  0.0019  0.0788 -0.0009 -0.0041 -0.0071   \n",
            "15 -0.0018 -0.0100  0.0208  0.0436  0.0119 -0.0009  0.0778  0.0104 -0.0476   \n",
            "16 -0.0086  0.0337  0.0249 -0.0359  0.0082 -0.0041  0.0104  0.1119  0.0333   \n",
            "17  0.0086  0.0074  0.0185 -0.0378  0.0048 -0.0071 -0.0476  0.0333  0.1008   \n",
            "18 -0.0256 -0.0095 -0.0004  0.0547  0.0458  0.0107  0.0309  0.0039 -0.0032   \n",
            "19  0.0180  0.0058  0.0000  0.0133  0.0024  0.0672 -0.0140 -0.0328 -0.0028   \n",
            "\n",
            "    Col_19  Col_20  \n",
            "0  -0.0024  0.0027  \n",
            "1   0.0093 -0.0109  \n",
            "2   0.0378 -0.0029  \n",
            "3   0.0281 -0.0139  \n",
            "4   0.0048  0.0680  \n",
            "5   0.0131 -0.0037  \n",
            "6   0.0034  0.0379  \n",
            "7   0.0041  0.0236  \n",
            "8  -0.0022  0.0151  \n",
            "9  -0.0256  0.0180  \n",
            "10 -0.0095  0.0058  \n",
            "11 -0.0004  0.0000  \n",
            "12  0.0547  0.0133  \n",
            "13  0.0458  0.0024  \n",
            "14  0.0107  0.0672  \n",
            "15  0.0309 -0.0140  \n",
            "16  0.0039 -0.0328  \n",
            "17 -0.0032 -0.0028  \n",
            "18  0.0596 -0.0036  \n",
            "19 -0.0036  0.0865  \n"
          ]
        }
      ]
    },
    {
      "cell_type": "markdown",
      "source": [
        "#### 4. Concluir sobre el significado de los valores de apalancamiento y formular la ecuación de regresión.\n",
        "\n",
        "En general, al utilizar el método de la matriz hat para crear una regresión, podemos obtener cada valor beta de beta 0 hasta beta n, el primero representando el intercepto de la función y los demás el coeficiente de cada una de las variables que utilizamos para la predicción. Después, se puede utilizar esta ecuacuión para predecir los valores de nuestra variable de respuesta.\n",
        "\n",
        "Por otro lado, la matriz HAT en sí consiste en un conjunto de valores conocidos como valores de apalancamiento, que indican la influencia de cada una de las observaciones en la tabla de datos original. Al analizar estos valores, podemos identificar si algún outlier tiene una influencia desproporcionada en el modelo de regresión. Si se detecta una influencia alta de un outlier, podríamos considerar no incluir dicha observación en futuras predicciones para evitar sesgos en el modelo.\n",
        "\n",
        "Una manera en la que esto se puede decidir, es obteniendo el apalancamiento promedio, que es el número de predictores usados entre el numero de observaciones, y si al comparar algún valor en la diagonal de la matriz HAT un valor sea mayor a este promedio, sería una indicación fuerte que se cuenta con un outlier.\n",
        "\n",
        "La ecuación de regresión final es:\n",
        "\n",
        "\n",
        "ŷ = -575.8637 + 453.2609 * (Factor Coagulación) + 738.2324 * (Índice pronóstico) + 854.1430 * (Función de enzima) + 429.4316 * (Función de hígado) + 25.6389  * (Edad) + 13.0926  * (Género) - 41.2676  * (Alcohol moderado) + 195.7070 * (Alcohol severo)\n",
        "\n"
      ],
      "metadata": {
        "id": "RkS1soCxo4Cd"
      }
    }
  ]
}